Using InsertionSort Algorithm
Before sorting:[19.023387025122094, 1.0906355935623808, 16.044342861042654, 16.26029718698431, 17.970092022357125, 20.692021706380018, 12.272834839033381, 9.88685766751266, 17.17705796996265, 13.114217348329172, 7.479545585147044, 10.583689362839655, 17.81753448114117, 20.888815426562722, 18.439754119240863, 2.1105202845357964, 19.17629069479055, 17.74827350017685, 0.026734271758304673, 16.85401285956977, 6.331205918671987]
After sorting:[0.026734271758304673, 1.0906355935623808, 2.1105202845357964, 6.331205918671987, 7.479545585147044, 9.88685766751266, 10.583689362839655, 12.272834839033381, 13.114217348329172, 16.044342861042654, 16.26029718698431, 16.85401285956977, 17.17705796996265, 17.74827350017685, 17.81753448114117, 17.970092022357125, 18.439754119240863, 19.023387025122094, 19.17629069479055, 20.692021706380018, 20.888815426562722]

Using Bubble Sort Algorithm
Before sorting:[19.023387025122094, 1.0906355935623808, 16.044342861042654, 16.26029718698431, 17.970092022357125, 20.692021706380018, 12.272834839033381, 9.88685766751266, 17.17705796996265, 13.114217348329172, 7.479545585147044, 10.583689362839655, 17.81753448114117, 20.888815426562722, 18.439754119240863, 2.1105202845357964, 19.17629069479055, 17.74827350017685, 0.026734271758304673, 16.85401285956977, 6.331205918671987]
After sorting:[0.026734271758304673, 1.0906355935623808, 2.1105202845357964, 6.331205918671987, 7.479545585147044, 9.88685766751266, 10.583689362839655, 12.272834839033381, 13.114217348329172, 16.044342861042654, 16.26029718698431, 16.85401285956977, 17.17705796996265, 17.74827350017685, 17.81753448114117, 17.970092022357125, 18.439754119240863, 19.023387025122094, 19.17629069479055, 20.692021706380018, 20.888815426562722]

Using SelectionSort Algorithm
Before sorting:[19.023387025122094, 1.0906355935623808, 16.044342861042654, 16.26029718698431, 17.970092022357125, 20.692021706380018, 12.272834839033381, 9.88685766751266, 17.17705796996265, 13.114217348329172, 7.479545585147044, 10.583689362839655, 17.81753448114117, 20.888815426562722, 18.439754119240863, 2.1105202845357964, 19.17629069479055, 17.74827350017685, 0.026734271758304673, 16.85401285956977, 6.331205918671987]
After sorting:[0.026734271758304673, 1.0906355935623808, 2.1105202845357964, 6.331205918671987, 7.479545585147044, 9.88685766751266, 10.583689362839655, 12.272834839033381, 13.114217348329172, 16.044342861042654, 16.26029718698431, 16.85401285956977, 17.17705796996265, 17.74827350017685, 17.81753448114117, 17.970092022357125, 18.439754119240863, 19.023387025122094, 19.17629069479055, 20.692021706380018, 20.888815426562722]


